1 1 1
1 2 1
1 3 1
1 4 1
1 5 1
1 6 1
1 7 1
1 8 1
1 9 1
1 10 1
1 11 1
1 12 1
1 13 1
1 14 1
1 15 1
1 16 1
1 17 1
1 18 1
1 19 0
1 20 0
1 21 0
1 22 0
1 23 0
2 1 0
2 2 1
2 3 0
2 4 0
2 5 0
2 6 0
2 7 0
2 8 0
2 9 0
2 10 0
2 11 1
2 12 0
2 13 0
2 14 0
2 15 0
2 16 0
2 17 0
2 18 1
2 19 0
2 20 0
2 21 0
2 22 0
2 23 0
3 1 0
3 2 1
3 3 0
3 4 0
3 5 0
3 6 0
3 7 0
3 8 0
3 9 0
3 10 0
3 11 1
3 12 0
3 13 0
3 14 0
3 15 0
3 16 0
3 17 0
3 18 1
3 19 0
3 20 0
3 21 0
3 22 0
3 23 0
4 1 0
4 2 1
4 3 0
4 4 0
4 5 0
4 6 1
4 7 0
4 8 0
4 9 0
4 10 0
4 11 1
4 12 0
4 13 0
4 14 0
4 15 0
4 16 0
4 17 0
4 18 0
4 19 0
4 20 0
4 21 0
4 22 0
4 23 0
5 1 0
5 2 1
5 3 0
5 4 0
5 5 0
5 6 1
5 7 1
5 8 1
5 9 1
5 10 1
5 11 1
5 12 1
5 13 1
5 14 1
5 15 1
5 16 1
5 17 1
5 18 1
5 19 1
5 20 1
5 21 0
5 22 0
5 23 0
6 1 0
6 2 1
6 3 0
6 4 0
6 5 0
6 6 1
6 7 0
6 8 0
6 9 0
6 10 0
6 11 0
6 12 0
6 13 1
6 14 0
6 15 0
6 16 0
6 17 0
6 18 0
6 19 0
6 20 1
6 21 0
6 22 0
6 23 0
7 1 0
7 2 1
7 3 0
7 4 0
7 5 0
7 6 1
7 7 0
7 8 0
7 9 0
7 10 0
7 11 0
7 12 0
7 13 1
7 14 0
7 15 0
7 16 0
7 17 0
7 18 0
7 19 0
7 20 1
7 21 0
7 22 0
7 23 0
8 1 0
8 2 1
8 3 0
8 4 0
8 5 0
8 6 1
8 7 0
8 8 0
8 9 0
8 10 0
8 11 0
8 12 0
8 13 1
8 14 0
8 15 0
8 16 0
8 17 0
8 18 0
8 19 0
8 20 1
8 21 0
8 22 0
8 23 0
9 1 0
9 2 1
9 3 0
9 4 0
9 5 0
9 6 1
9 7 0
9 8 0
9 9 0
9 10 0
9 11 0
9 12 0
9 13 1
9 14 0
9 15 0
9 16 0
9 17 0
9 18 0
9 19 0
9 20 1
9 21 0
9 22 0
9 23 0
10 1 0
10 2 1
10 3 0
10 4 1
10 5 1
10 6 1
10 7 0
10 8 0
10 9 0
10 10 0
10 11 0
10 12 0
10 13 1
10 14 0
10 15 0
10 16 0
10 17 0
10 18 1
10 19 0
10 20 0
10 21 1
10 22 0
10 23 0
11 1 0
11 2 1
11 3 0
11 4 0
11 5 0
11 6 1
11 7 0
11 8 0
11 9 0
11 10 1
11 11 0
11 12 0
11 13 1
11 14 0
11 15 0
11 16 0
11 17 0
11 18 1
11 19 0
11 20 1
11 21 0
11 22 0
11 23 0
12 1 0
12 2 1
12 3 0
12 4 0
12 5 0
12 6 1
12 7 0
12 8 0
12 9 0
12 10 1
12 11 0
12 12 0
12 13 1
12 14 0
12 15 0
12 16 0
12 17 0
12 18 1
12 19 0
12 20 1
12 21 0
12 22 0
12 23 0
13 1 0
13 2 1
13 3 0
13 4 0
13 5 0
13 6 1
13 7 0
13 8 1
13 9 1
13 10 1
13 11 0
13 12 0
13 13 1
13 14 0
13 15 0
13 16 0
13 17 0
13 18 1
13 19 0
13 20 1
13 21 0
13 22 0
13 23 0
14 1 0
14 2 1
14 3 0
14 4 0
14 5 0
14 6 1
14 7 0
14 8 0
14 9 0
14 10 1
14 11 0
14 12 0
14 13 1
14 14 0
14 15 0
14 16 0
14 17 0
14 18 1
14 19 0
14 20 1
14 21 0
14 22 0
14 23 0
15 1 0
15 2 1
15 3 0
15 4 0
15 5 0
15 6 1
15 7 1
15 8 1
15 9 1
15 10 1
15 11 0
15 12 0
15 13 1
15 14 0
15 15 0
15 16 0
15 17 0
15 18 1
15 19 0
15 20 1
15 21 0
15 22 0
15 23 0
16 1 0
16 2 1
16 3 0
16 4 0
16 5 0
16 6 0
16 7 0
16 8 0
16 9 0
16 10 0
16 11 0
16 12 0
16 13 1
16 14 0
16 15 0
16 16 0
16 17 0
16 18 1
16 19 0
16 20 1
16 21 0
16 22 0
16 23 0
17 1 0
17 2 1
17 3 0
17 4 0
17 5 0
17 6 0
17 7 0
17 8 0
17 9 0
17 10 0
17 11 0
17 12 0
17 13 1
17 14 0
17 15 0
17 16 0
17 17 0
17 18 1
17 19 0
17 20 1
17 21 0
17 22 0
17 23 0
18 1 0
18 2 1
18 3 0
18 4 1
18 5 1
18 6 1
18 7 1
18 8 1
18 9 1
18 10 1
18 11 1
18 12 1
18 13 1
18 14 1
18 15 1
18 16 1
18 17 1
18 18 1
18 19 0
18 20 0
18 21 0
18 22 0
18 23 0
19 1 0
19 2 1
19 3 0
19 4 1
19 5 0
19 6 0
19 7 0
19 8 0
19 9 0
19 10 0
19 11 0
19 12 0
19 13 0
19 14 0
19 15 0
19 16 0
19 17 0
19 18 1
19 19 0
19 20 0
19 21 0
19 22 0
19 23 0
20 1 0
20 2 1
20 3 0
20 4 1
20 5 0
20 6 0
20 7 0
20 8 0
20 9 1
20 10 0
20 11 0
20 12 0
20 13 0
20 14 0
20 15 0
20 16 0
20 17 0
20 18 1
20 19 0
20 20 0
20 21 0
20 22 0
20 23 0
21 1 0
21 2 1
21 3 0
21 4 1
21 5 0
21 6 0
21 7 0
21 8 0
21 9 1
21 10 0
21 11 0
21 12 0
21 13 0
21 14 0
21 15 1
21 16 0
21 17 0
21 18 1
21 19 0
21 20 0
21 21 0
21 22 0
21 23 0
22 1 0
22 2 1
22 3 0
22 4 1
22 5 0
22 6 0
22 7 0
22 8 0
22 9 1
22 10 0
22 11 0
22 12 0
22 13 0
22 14 0
22 15 1
22 16 0
22 17 0
22 18 1
22 19 0
22 20 0
22 21 0
22 22 0
22 23 0
23 1 0
23 2 1
23 3 0
23 4 1
23 5 0
23 6 0
23 7 0
23 8 0
23 9 1
23 10 0
23 11 0
23 12 0
23 13 0
23 14 0
23 15 1
23 16 0
23 17 0
23 18 1
23 19 0
23 20 0
23 21 0
23 22 0
23 23 0
24 1 0
24 2 0
24 3 0
24 4 1
24 5 0
24 6 0
24 7 0
24 8 0
24 9 1
24 10 0
24 11 0
24 12 0
24 13 0
24 14 0
24 15 1
24 16 0
24 17 0
24 18 1
24 19 0
24 20 0
24 21 0
24 22 0
24 23 0
25 1 0
25 2 0
25 3 0
25 4 1
25 5 0
25 6 0
25 7 0
25 8 0
25 9 1
25 10 0
25 11 0
25 12 0
25 13 0
25 14 0
25 15 1
25 16 0
25 17 0
25 18 1
25 19 0
25 20 0
25 21 0
25 22 0
25 23 0
26 1 0
26 2 0
26 3 0
26 4 1
26 5 0
26 6 0
26 7 1
26 8 1
26 9 1
26 10 1
26 11 1
26 12 1
26 13 1
26 14 1
26 15 1
26 16 0
26 17 0
26 18 0
26 19 0
26 20 0
26 21 0
26 22 0
26 23 0
27 1 0
27 2 0
27 3 0
27 4 1
27 5 0
27 6 0
27 7 0
27 8 0
27 9 0
27 10 0
27 11 0
27 12 0
27 13 0
27 14 0
27 15 1
27 16 0
27 17 0
27 18 0
27 19 0
27 20 0
27 21 0
27 22 0
27 23 0
28 1 0
28 2 0
28 3 1
28 4 1
28 5 1
28 6 1
28 7 1
28 8 1
28 9 1
28 10 1
28 11 1
28 12 1
28 13 1
28 14 1
28 15 1
28 16 0
28 17 0
28 18 0
28 19 0
28 20 0
28 21 0
28 22 0
28 23 0
29 1 0
29 2 0
29 3 0
29 4 1
29 5 0
29 6 1
29 7 0
29 8 0
29 9 0
29 10 0
29 11 1
29 12 0
29 13 0
29 14 0
29 15 0
29 16 0
29 17 0
29 18 0
29 19 0
29 20 0
29 21 0
29 22 0
29 23 0
30 1 0
30 2 0
30 3 0
30 4 1
30 5 0
30 6 1
30 7 0
30 8 0
30 9 0
30 10 0
30 11 1
30 12 0
30 13 0
30 14 0
30 15 0
30 16 0
30 17 0
30 18 0
30 19 0
30 20 0
30 21 0
30 22 0
30 23 0
31 1 0
31 2 0
31 3 0
31 4 1
31 5 0
31 6 1
31 7 0
31 8 0
31 9 0
31 10 0
31 11 1
31 12 1
31 13 1
31 14 1
31 15 1
31 16 1
31 17 0
31 18 0
31 19 0
31 20 0
31 21 1
31 22 0
31 23 0
32 1 0
32 2 0
32 3 0
32 4 1
32 5 0
32 6 1
32 7 0
32 8 0
32 9 0
32 10 0
32 11 1
32 12 0
32 13 0
32 14 0
32 15 0
32 16 0
32 17 0
32 18 0
32 19 0
32 20 0
32 21 1
32 22 0
32 23 0
33 1 1
33 2 1
33 3 1
33 4 1
33 5 0
33 6 1
33 7 0
33 8 0
33 9 0
33 10 0
33 11 1
33 12 0
33 13 0
33 14 0
33 15 0
33 16 0
33 17 0
33 18 0
33 19 0
33 20 0
33 21 1
33 22 0
33 23 0
34 1 0
34 2 0
34 3 0
34 4 1
34 5 0
34 6 1
34 7 0
34 8 0
34 9 0
34 10 0
34 11 0
34 12 0
34 13 0
34 14 0
34 15 0
34 16 0
34 17 0
34 18 0
34 19 0
34 20 0
34 21 1
34 22 0
34 23 0
35 1 0
35 2 0
35 3 0
35 4 1
35 5 0
35 6 1
35 7 0
35 8 0
35 9 0
35 10 0
35 11 0
35 12 0
35 13 0
35 14 0
35 15 0
35 16 0
35 17 0
35 18 0
35 19 0
35 20 0
35 21 1
35 22 0
35 23 0
36 1 0
36 2 0
36 3 0
36 4 1
36 5 0
36 6 1
36 7 0
36 8 0
36 9 0
36 10 0
36 11 0
36 12 0
36 13 0
36 14 0
36 15 0
36 16 0
36 17 0
36 18 0
36 19 0
36 20 0
36 21 1
36 22 0
36 23 0
37 1 0
37 2 0
37 3 0
37 4 1
37 5 0
37 6 0
37 7 0
37 8 0
37 9 0
37 10 0
37 11 0
37 12 0
37 13 0
37 14 0
37 15 0
37 16 0
37 17 0
37 18 0
37 19 0
37 20 0
37 21 1
37 22 0
37 23 0
38 1 0
38 2 0
38 3 0
38 4 1
38 5 0
38 6 0
38 7 0
38 8 0
38 9 0
38 10 0
38 11 0
38 12 0
38 13 0
38 14 1
38 15 0
38 16 0
38 17 0
38 18 0
38 19 0
38 20 0
38 21 1
38 22 0
38 23 0
39 1 0
39 2 0
39 3 0
39 4 1
39 5 1
39 6 1
39 7 1
39 8 1
39 9 1
39 10 1
39 11 1
39 12 1
39 13 1
39 14 1
39 15 1
39 16 1
39 17 1
39 18 1
39 19 1
39 20 1
39 21 1
39 22 1
39 23 1
